 77 255 255 255 255 255 255 255 255 255 255 255 255 255 255  86
  0  77 255 255 255 255 255 255 255 255 255 255 255 255  77   0
  0   0  77 255 255 255 255 255 255 255 255 255 255  91   0   0
  0   0   0  77 255 255 255 255 255 255 255 255  71   0   0   0
  0   0   0   0  77 255 255 255 255 255 255  94   0   0   0   0
  0   0   0   0   0  77 255 255 255 255  67   0   0   0   0   0
  0   0   0   0   0   0  77 191 191  95   0   0   0   0   0   0
  0   0   0   0  64  64  64  90  87  64  64  64   0   0   0   0
  0   0   0   0   0   0   0  74  78   0   0   0   0   0   0   0
  0   0   0   0   0   0  51 191 191  43   0   0   0   0   0   0
  0   0   0   0   0  32 255 255 255 255  43   0   0   0   0   0
  0   0   0   0  47 255 255 255 255 255 255  43   0   0   0   0
  0   0   0  37 255 255 255 255 255 255 255 255  43   0   0   0
  0   0  43 255 255 255 255 255 255 255 255 255 255  43   0   0
  0  43 255 255 255 255 255 255 255 255 255 255 255 255  43   0
 38 255 255 255 255 255 255 255 255 255 255 255 255 255 255  43
 77 255 255 255 255 255 255 255 255 255 255 255 255 255 255  86
  0  77 255 255 255 255 255 255 255 255 255 255 255 255  77   0
  0   0  77 255 255 255 255 255 255 255 255 255 255  91   0   0
  0   0   0  77 255 255 255 255 255 255 255 255  71   0   0   0
  0   0   0   0  77 255 255 255 255 255 255  94   0   0   0   0
  0   0   0   0   0  77 255 255 255 255  67   0   0   0   0   0
  0   0   0   0   0   0  77 191 191  95   0   0   0   0   0   0
  0   0   0   0  64  64  64  90  87  64  64  64   0   0   0   0
  0   0   0   0   0   0   0  74  78   0   0   0   0   0   0   0
  0   0   0   0   0   0  51 191 191  43   0   0   0   0   0   0
  0   0   0   0   0  32 255 255 255 255  43   0   0   0   0   0
  0   0   0   0  47 255 255 255 255 255 255  43   0   0   0   0
  0   0   0  37 255 255 255 255 255 255 255 255  43   0   0   0
  0   0  43 255 255 255 255 255 255 255 255 255 255  43   0   0
  0  43 255 255 255 255 255 255 255 255 255 255 255 255  43   0
 38 255 255 255 255 255 255 255 255 255 255 255 255 255 255  43
 77 255 255 255 255 255 255 255 255 255 255 255 255 255 255  86
  0  77 255 255 255 255 255 255 255 255 255 255 255 255  77   0
  0   0  77 255 255 255 255 255 255 255 255 255 255  91   0   0
  0   0   0  77 255 255 255 255 255 255 255 255  71   0   0   0
  0   0   0   0  77 255 255 255 255 255 255  94   0   0   0   0
  0   0   0   0   0  77 255 255 255 255  67   0   0   0   0   0
  0   0   0   0   0   0  77 191 191  95   0   0   0   0   0   0
  0   0   0   0  64  64  64  90  87  64  64  64   0   0   0   0
  0   0   0   0   0   0   0  74  78   0   0   0   0   0   0   0
  0   0   0   0   0   0  51 191 191  43   0   0   0   0   0   0
  0   0   0   0   0  32 255 255 255 255  43   0   0   0   0   0
  0   0   0   0  47 255 255 255 255 255 255  43   0   0   0   0
  0   0   0  37 255 255 255 255 255 255 255 255  43   0   0   0
  0   0  43 255 255 255 255 255 255 255 255 255 255  43   0   0
  0  43 255 255 255 255 255 255 255 255 255 255 255 255  43   0
 38 255 255 255 255 255 255 255 255 255 255 255 255 255 255  43

124   0   0   0   0   0   0   0   0   0   0   0   0   0   0 123
254 124   0   0   0   0   0   0   0   0   0   0   0   0 123 254
255 254 124   0   0   0   0   0   0   0   0   0   0 123 254 255
255 255 254 124   0   0   4   0   0   0   0   0 123 254 255 255
255 255 255 254 124   1  18  37   0   0   0 123 254 255 255 255
255 255 255 255 254 124   2  30  19  16 125 254 255 255 255 255
255 255 255 255 255 254 123  47  23 130 254 255 255 255 255 255
255 255 255 255 255 255 226 130 123 220 255 255 255 255 255 255
255 255 255 255 255 255 226 130 122 220 255 255 255 255 255 255
255 255 255 255 255 254 124  47  23 130 254 255 255 255 255 255
255 255 255 255 254 125   2  30  19  16 124 254 255 255 255 255
255 255 255 254 125   1  18  36   0   0   0 122 254 255 255 255
255 255 254 125   0   0   4   0   0   0   0   0 122 254 255 255
255 254 125   0   0   0   0   0   0   0   0   0   0 123 254 255
254 125   0   0   0   0   0   0   0   0   0   0   0   0 122 254
125   0   0   0   0   0   0   0   0   0   0   0   0   0   0 123
124   0   0   0   0   0   0   0   0   0   0   0   0   0   0 123
254 124   0   0   0   0   0   0   0   0   0   0   0   0 123 254
255 254 124   0   0   0   0   0   0   0   0   0   0 123 254 255
255 255 254 124   0   0   4   0   0   0   0   0 123 254 255 255
255 255 255 254 124   1  18  37   0   0   0 123 254 255 255 255
255 255 255 255 254 124   2  30  19  16 125 254 255 255 255 255
255 255 255 255 255 254 123  47  23 130 254 255 255 255 255 255
255 255 255 255 255 255 226 130 123 220 255 255 255 255 255 255
255 255 255 255 255 255 226 130 122 220 255 255 255 255 255 255
255 255 255 255 255 254 124  47  23 130 254 255 255 255 255 255
255 255 255 255 254 125   2  30  19  16 124 254 255 255 255 255
255 255 255 254 125   1  18  36   0   0   0 122 254 255 255 255
255 255 254 125   0   0   4   0   0   0   0   0 122 254 255 255
255 254 125   0   0   0   0   0   0   0   0   0   0 123 254 255
254 125   0   0   0   0   0   0   0   0   0   0   0   0 122 254
125   0   0   0   0   0   0   0   0   0   0   0   0   0   0 123
124   0   0   0   0   0   0   0   0   0   0   0   0   0   0 123
254 124   0   0   0   0   0   0   0   0   0   0   0   0 123 254
255 254 124   0   0   0   0   0   0   0   0   0   0 123 254 255
255 255 254 124   0   0   4   0   0   0   0   0 123 254 255 255
255 255 255 254 124   1  18  37   0   0   0 123 254 255 255 255
255 255 255 255 254 124   2  30  19  16 125 254 255 255 255 255
255 255 255 255 255 254 123  47  23 130 254 255 255 255 255 255
255 255 255 255 255 255 226 130 123 220 255 255 255 255 255 255
255 255 255 255 255 255 226 130 122 220 255 255 255 255 255 255
255 255 255 255 255 254 124  47  23 130 254 255 255 255 255 255
255 255 255 255 254 125   2  30  19  16 124 254 255 255 255 255
255 255 255 254 125   1  18  36   0   0   0 122 254 255 255 255
255 255 254 125   0   0   4   0   0   0   0   0 122 254 255 255
255 254 125   0   0   0   0   0   0   0   0   0   0 123 254 255
254 125   0   0   0   0   0   0   0   0   0   0   0   0 122 254
125   0   0   0   0   0   0   0   0   0   0   0   0   0   0 123

123 254 255 255 255 255 255 255 255 255 255 255 255 255 254 123
  0 123 254 255 255 255 255 255 255 255 255 255 255 254 122   0
  0   0 123 254 255 255 255 255 255 255 255 255 254 123   0   0
  0   0   0 123 254 255 255 255 255 255 255 254 122   0   0   0
  0   0   0   0 123 254 255 255 255 255 254 122   0   0   0   0
  0   0   0   0   0 125 254 255 255 254 124   0   0   0   0   0
  0   0   0   0   0  16 130 220 220 130  16   0   0   0   0   0
  0   0   0   0   0  19  23 123 122  23  19   0   0   0   0   0
  0   0   0   0  37  30  47 130 130  47  30  36   0   0   0   0
  0   0   0   4  18   2 123 226 226 124   2  18   4   0   0   0
  0   0   0   0   1 124 254 255 255 254 125   1   0   0   0   0
  0   0   0   0 124 254 255 255 255 255 254 125   0   0   0   0
  0   0   0 124 254 255 255 255 255 255 255 254 125   0   0   0
  0   0 124 254 255 255 255 255 255 255 255 255 254 125   0   0
  0 124 254 255 255 255 255 255 255 255 255 255 255 254 125   0
124 254 255 255 255 255 255 255 255 255 255 255 255 255 254 125
123 254 255 255 255 255 255 255 255 255 255 255 255 255 254 123
  0 123 254 255 255 255 255 255 255 255 255 255 255 254 122   0
  0   0 123 254 255 255 255 255 255 255 255 255 254 123   0   0
  0   0   0 123 254 255 255 255 255 255 255 254 122   0   0   0
  0   0   0   0 123 254 255 255 255 255 254 122   0   0   0   0
  0   0   0   0   0 125 254 255 255 254 124   0   0   0   0   0
  0   0   0   0   0  16 130 220 220 130  16   0   0   0   0   0
  0   0   0   0   0  19  23 123 122  23  19   0   0   0   0   0
  0   0   0   0  37  30  47 130 130  47  30  36   0   0   0   0
  0   0   0   4  18   2 123 226 226 124   2  18   4   0   0   0
  0   0   0   0   1 124 254 255 255 254 125   1   0   0   0   0
  0   0   0   0 124 254 255 255 255 255 254 125   0   0   0   0
  0   0   0 124 254 255 255 255 255 255 255 254 125   0   0   0
  0   0 124 254 255 255 255 255 255 255 255 255 254 125   0   0
  0 124 254 255 255 255 255 255 255 255 255 255 255 254 125   0
124 254 255 255 255 255 255 255 255 255 255 255 255 255 254 125
123 254 255 255 255 255 255 255 255 255 255 255 255 255 254 123
  0 123 254 255 255 255 255 255 255 255 255 255 255 254 122   0
  0   0 123 254 255 255 255 255 255 255 255 255 254 123   0   0
  0   0   0 123 254 255 255 255 255 255 255 254 122   0   0   0
  0   0   0   0 123 254 255 255 255 255 254 122   0   0   0   0
  0   0   0   0   0 125 254 255 255 254 124   0   0   0   0   0
  0   0   0   0   0  16 130 220 220 130  16   0   0   0   0   0
  0   0   0   0   0  19  23 123 122  23  19   0   0   0   0   0
  0   0   0   0  37  30  47 130 130  47  30  36   0   0   0   0
  0   0   0   4  18   2 123 226 226 124   2  18   4   0   0   0
  0   0   0   0   1 124 254 255 255 254 125   1   0   0   0   0
  0   0   0   0 124 254 255 255 255 255 254 125   0   0   0   0
  0   0   0 124 254 255 255 255 255 255 255 254 125   0   0   0
  0   0 124 254 255 255 255 255 255 255 255 255 254 125   0   0
  0 124 254 255 255 255 255 255 255 255 255 255 255 254 125   0
124 254 255 255 255 255 255 255 255 255 255 255 255 255 254 125

123   0   0   0   0   0   0   0   0   0   0   0   0   0   0 125
254 122   0   0   0   0   0   0   0   0   0   0   0   0 125 254
255 254 123   0   0   0   0   0   0   0   0   0   0 125 254 255
255 255 254 122   0   0   0   0   0   4   0   0 125 254 255 255
255 255 255 254 122   0   0   0  36  18   1 125 254 255 255 255
255 255 255 255 254 124  16  19  30   2 125 254 255 255 255 255
255 255 255 255 255 254 130  23  47 124 254 255 255 255 255 255
255 255 255 255 255 255 220 122 130 226 255 255 255 255 255 255
255 255 255 255 255 255 220 123 130 226 255 255 255 255 255 255
255 255 255 255 255 254 130  23  47 123 254 255 255 255 255 255
255 255 255 255 254 125  16  19  30   2 124 254 255 255 255 255
255 255 255 254 123   0   0   0  37  18   1 124 254 255 255 255
255 255 254 123   0   0   0   0   0   4   0   0 124 254 255 255
255 254 123   0   0   0   0   0   0   0   0   0   0 124 254 255
254 123   0   0   0   0   0   0   0   0   0   0   0   0 124 254
123   0   0   0   0   0   0   0   0   0   0   0   0   0   0 124
123   0   0   0   0   0   0   0   0   0   0   0   0   0   0 125
254 122   0   0   0   0   0   0   0   0   0   0   0   0 125 254
255 254 123   0   0   0   0   0   0   0   0   0   0 125 254 255
255 255 254 122   0   0   0   0   0   4   0   0 125 254 255 255
255 255 255 254 122   0   0   0  36  18   1 125 254 255 255 255
255 255 255 255 254 124  16  19  30   2 125 254 255 255 255 255
255 255 255 255 255 254 130  23  47 124 254 255 255 255 255 255
255 255 255 255 255 255 220 122 130 226 255 255 255 255 255 255
255 255 255 255 255 255 220 123 130 226 255 255 255 255 255 255
255 255 255 255 255 254 130  23  47 123 254 255 255 255 255 255
255 255 255 255 254 125  16  19  30   2 124 254 255 255 255 255
255 255 255 254 123   0   0   0  37  18   1 124 254 255 255 255
255 255 254 123   0   0   0   0   0   4   0   0 124 254 255 255
255 254 123   0   0   0   0   0   0   0   0   0   0 124 254 255
254 123   0   0   0   0   0   0   0   0   0   0   0   0 124 254
123   0   0   0   0   0   0   0   0   0   0   0   0   0   0 124
123   0   0   0   0   0   0   0   0   0   0   0   0   0   0 125
254 122   0   0   0   0   0   0   0   0   0   0   0   0 125 254
255 254 123   0   0   0   0   0   0   0   0   0   0 125 254 255
255 255 254 122   0   0   0   0   0   4   0   0 125 254 255 255
255 255 255 254 122   0   0   0  36  18   1 125 254 255 255 255
255 255 255 255 254 124  16  19  30   2 125 254 255 255 255 255
255 255 255 255 255 254 130  23  47 124 254 255 255 255 255 255
255 255 255 255 255 255 220 122 130 226 255 255 255 255 255 255
255 255 255 255 255 255 220 123 130 226 255 255 255 255 255 255
255 255 255 255 255 254 130  23  47 123 254 255 255 255 255 255
255 255 255 255 254 125  16  19  30   2 124 254 255 255 255 255
255 255 255 254 123   0   0   0  37  18   1 124 254 255 255 255
255 255 254 123   0   0   0   0   0   4   0   0 124 254 255 255
255 254 123   0   0   0   0   0   0   0   0   0   0 124 254 255
254 123   0   0   0   0   0   0   0   0   0   0   0   0 124 254
123   0   0   0   0   0   0   0   0   0   0   0   0   0   0 124
